Using device 0: NVIDIA RTX A5000 (PTX version 600, SM860, 64 SMs, 24048 free / 24256 total MB physmem, 768.096 GB/s @ 8001000 kHz mem clock, ECC off)
cub::DeviceRadixSort::SortPairs() 150 items (4-byte keys 4-byte values)
Input keys:
131, 146, 181, 11, 123, 171, 112, 14, 191, 165, 198, 223, 180, 41, 153, 210, 138, 174, 120, 128, 203, 20, 85, 17, 112, 140, 28, 111, 51, 239, 5, 172, 130, 176, 173, 243, 91, 30, 247, 26, 185, 189, 239, 109, 220, 129, 56, 102, 39, 174, 221, 240, 185, 50, 2, 41, 180, 20, 150, 221, 3, 153, 138, 131, 66, 47, 110, 155, 67, 101, 172, 243, 26, 155, 96, 245, 20, 142, 83, 58, 53, 40, 42, 236, 88, 34, 13, 13, 52, 161, 232, 54, 50, 106, 175, 114, 144, 30, 6, 209, 121, 168, 196, 146, 59, 29, 127, 78, 161, 200, 134, 204, 239, 166, 176, 63, 199, 187, 66, 249, 84, 35, 39, 133, 139, 213, 237, 19, 233, 233, 219, 90, 145, 151, 226, 203, 170, 97, 17, 76, 34, 149, 16, 17, 51, 191, 78, 248, 122, 143, 


Input values:
0, 1, 2, 3, 4, 5, 6, 7, 8, 9, 10, 11, 12, 13, 14, 15, 16, 17, 18, 19, 20, 21, 22, 23, 24, 25, 26, 27, 28, 29, 30, 31, 32, 33, 34, 35, 36, 37, 38, 39, 40, 41, 42, 43, 44, 45, 46, 47, 48, 49, 50, 51, 52, 53, 54, 55, 56, 57, 58, 59, 60, 61, 62, 63, 64, 65, 66, 67, 68, 69, 70, 71, 72, 73, 74, 75, 76, 77, 78, 79, 80, 81, 82, 83, 84, 85, 86, 87, 88, 89, 90, 91, 92, 93, 94, 95, 96, 97, 98, 99, 100, 101, 102, 103, 104, 105, 106, 107, 108, 109, 110, 111, 112, 113, 114, 115, 116, 117, 118, 119, 120, 121, 122, 123, 124, 125, 126, 127, 128, 129, 130, 131, 132, 133, 134, 135, 136, 137, 138, 139, 140, 141, 142, 143, 144, 145, 146, 147, 148, 149, 


131, 0
146, 1
181, 2
11, 3
123, 4
171, 5
112, 6
14, 7
191, 8
165, 9
198, 10
223, 11
180, 12
41, 13
153, 14
210, 15
138, 16
174, 17
120, 18
128, 19
203, 20
20, 21
85, 22
17, 23
112, 24
140, 25
28, 26
111, 27
51, 28
239, 29
5, 30
172, 31
130, 32
176, 33
173, 34
243, 35
91, 36
30, 37
247, 38
26, 39
185, 40
189, 41
239, 42
109, 43
220, 44
129, 45
56, 46
102, 47
39, 48
174, 49
221, 50
240, 51
185, 52
50, 53
2, 54
41, 55
180, 56
20, 57
150, 58
221, 59
3, 60
153, 61
138, 62
131, 63
66, 64
47, 65
110, 66
155, 67
67, 68
101, 69
172, 70
243, 71
26, 72
155, 73
96, 74
245, 75
20, 76
142, 77
83, 78
58, 79
53, 80
40, 81
42, 82
236, 83
88, 84
34, 85
13, 86
13, 87
52, 88
161, 89
232, 90
54, 91
50, 92
106, 93
175, 94
114, 95
144, 96
30, 97
6, 98
209, 99
121, 100
168, 101
196, 102
146, 103
59, 104
29, 105
127, 106
78, 107
161, 108
200, 109
134, 110
204, 111
239, 112
166, 113
176, 114
63, 115
199, 116
187, 117
66, 118
249, 119
84, 120
35, 121
39, 122
133, 123
139, 124
213, 125
237, 126
19, 127
233, 128
233, 129
219, 130
90, 131
145, 132
151, 133
226, 134
203, 135
170, 136
97, 137
17, 138
76, 139
34, 140
149, 141
16, 142
17, 143
51, 144
191, 145
78, 146
248, 147
122, 148
143, 149
----------------------
2, 54
3, 60
5, 30
6, 98
11, 3
13, 86
13, 87
14, 7
16, 142
17, 23
17, 138
17, 143
19, 127
20, 21
20, 57
20, 76
26, 39
26, 72
28, 26
29, 105
30, 37
30, 97
34, 85
34, 140
35, 121
39, 48
39, 122
40, 81
41, 13
41, 55
42, 82
47, 65
50, 53
50, 92
51, 28
51, 144
52, 88
53, 80
54, 91
56, 46
58, 79
59, 104
63, 115
66, 64
66, 118
67, 68
76, 139
78, 107
78, 146
83, 78
84, 120
85, 22
88, 84
90, 131
91, 36
96, 74
97, 137
101, 69
102, 47
106, 93
109, 43
110, 66
111, 27
112, 6
112, 24
114, 95
120, 18
121, 100
122, 148
123, 4
127, 106
128, 19
129, 45
130, 32
131, 0
131, 63
133, 123
134, 110
138, 16
138, 62
139, 124
140, 25
142, 77
143, 149
144, 96
145, 132
146, 1
146, 103
149, 141
150, 58
151, 133
153, 14
153, 61
155, 67
155, 73
161, 89
161, 108
165, 9
166, 113
168, 101
170, 136
171, 5
172, 31
172, 70
173, 34
174, 17
174, 49
175, 94
176, 33
176, 114
180, 12
180, 56
181, 2
185, 40
185, 52
187, 117
189, 41
191, 8
191, 145
196, 102
198, 10
199, 116
200, 109
203, 20
203, 135
204, 111
209, 99
210, 15
213, 125
219, 130
220, 44
221, 50
221, 59
223, 11
226, 134
232, 90
233, 128
233, 129
236, 83
237, 126
239, 29
239, 42
239, 112
240, 51
243, 35
243, 71
245, 75
247, 38
248, 147
249, 119
	 Compare keys (selector 1): PASS
	 Compare values (selector 1): PASS


